[20.0, 0.03380167679272731, 0.15967170107755502, 11.199709614614923] 
[40.0, 0.15967170107755502, 0.29525784474083, 7.817021676002101] 
[60.0, 0.29525784474083, 0.2915281695977253, 5.180780955181538] 
[80.0, 0.2915281695977253, 0.05824625751067617, 0.981338174613319] 
[100.0, 0.05824625751067617, 0.06791998169905453, 1.0067412544043304] 
[120.0, 0.06791998169905453, 0.09402684856465167, 1.2299816242712125] 
[140.0, 0.09402684856465167, 0.12444069942747829, 1.3430654913620974] 
[160.0, 0.12444069942747829, 0.16944619857937254, 1.4535378439670006] 
[180.0, 0.16944619857937254, 0.1976442475181106, 1.4154106916255784] 
[200.0, 0.1976442475181106, 0.17675346202832934, 1.1932858760857212] 
[220.0, 0.17675346202832934, 0.2607074476381523, 1.3396659436869456] 
[240.0, 0.2607074476381523, 0.8422353173365515, 1.9329402717662636] 
[260.0, 0.21696728535196202, 0.3130137313154158, 1.9876173352646807], 29.0
[280.0, 0.1397485993131954, 0.13172925597983207, 1.8151953715624685], 5.0
[300.0, 0.13172925597983207, 0.05699340939091118, 1.291279417358458] 
[320.0, 0.05699340939091118, 0.23233826315310124, 1.8441243799233915] 
[340.0, 0.23233826315310124, 0.42286401916218896, 1.9897544286665698] 
[360.0, 0.33293576235364203, 0.5576371025012602, 2.0859021571495835] 
[380.0, 0.3187728213932302, 0.3178721245705575, 1.9750435900141292] 
[400.0, 0.09592950174998294, 0.1407923437762155, 2.0146720140460483] 
[420.0, 0.1407923437762155, 0.18828003565965282, 2.0185712391808495] 
[440.0, 0.18828003565965282, 0.1743603664139308, 1.9016343894938443] 
[460.0, 0.1743603664139308, 0.13220327694123205, 1.732147197989483] 
[480.0, 0.13220327694123205, 0.158941444054092, 1.7153363604808807] 
[500.0, 0.158941444054092, 0.15914868691572728, 1.647098885398237] 
[520.0, 0.15914868691572728, 0.15721946639331913, 1.5803651983755584] 
[540.0, 0.15721946639331913, 0.6447805606723885, 1.8988754485644288] 
[560.0, 0.08225684594001903, 0.3684791179117216, 2.217375468862562], 0.0
[580.0, 0.16537718290622697, 0.2456282174751091, 2.239313574373176], 1.0
[600.0, 0.2456282174751091, 0.21349564220376938, 2.130958174738938] 
[620.0, 0.21349564220376938, 0.030615809527105402, 1.6103050260887664] 
[640.0, 0.030615809527105402, 0.057154386935738016, 1.7006997764376846] 
[660.0, 0.057154386935738016, 0.07602808863176798, 1.711537401958725] 
[680.0, 0.07602808863176798, 0.06870487392463516, 1.6397098203897673] 
[700.0, 0.06870487392463516, 0.05228815323761202, 1.5365854925414808] 
[720.0, 0.05228815323761202, 0.05503498961569848, 1.504161592258906] 
[740.0, 0.05503498961569848, 0.061859666496029975, 1.4862991062999429] 
[760.0, 0.061859666496029975, 0.19295388093790702, 1.6631313799444989] 
[780.0, 0.19295388093790702, 0.3881736149778859, 1.7497749338794615] 
[800.0, 0.18009085709163597, 0.2026125005176135, 1.7272803413396127], 13.0
[820.0, 0.2026125005176135, 0.13152007488592754, 1.6091222646256333] 
[840.0, 0.13152007488592754, 0.3721435293673667, 1.749449844726743] 
[860.0, 0.12413884247889555, 0.18711463895964958, 1.7775984336605126], 11.0
[880.0, 0.18711463895964958, 0.23516658515614083, 1.77467127033392] 
[900.0, 0.23516658515614083, 0.26251705607445774, 1.7528705840536205] 
[920.0, 0.26251705607445774, 0.7281866072649236, 1.874753511305431] 
[940.0, 0.22659843537191487, 0.5849775367200006, 1.9804229393965633], 24.0
[960.0, 0.2083039451042635, 0.2881893674548037, 1.9879481850531804], 4.0
[980.0, 0.2881893674548037, 0.29458456021998164, 1.9506089066321128] 
[1000.0, 0.29458456021998164, 0.8321678318224036, 2.06141599880588] 
[1020.0, 0.22155674077761672, 0.21785038075706872, 2.0186099413644714], 27.0
[1040.0, 0.21785038075706872, 0.34942235289832196, 2.0453322758641654] 
[1060.0, 0.18093204432880303, 0.3215038359895567, 2.0849852526464345], 18.0
[1080.0, 0.04596458555235758, 0.0831038614144971, 2.1254848573115606], 15.0
[1100.0, 0.0831038614144971, 0.09854199749345363, 2.1091872419785203] 
[1120.0, 0.09854199749345363, 0.0874584837165604, 2.0561535073277812] 
[1140.0, 0.0874584837165604, 0.10760797316648982, 2.046318773535885] 
[1160.0, 0.10760797316648982, 0.2612369782285805, 2.121345531564604] 
[1180.0, 0.2612369782285805, 0.3249705335657377, 2.112081182159145] 
[1200.0, 0.11402936346397874, 0.09416876750281959, 2.05387276037373], 18.0
[1220.0, 0.09416876750281959, 0.2832228369288041, 2.1504172270395987] 
[1240.0, 0.2832228369288041, 1.4034691267120913, 2.3019417737713046] 
[1260.0, 0.17482521822952188, 0.4070391484599476, 2.3621692258943146], 14.0
[1280.0, 0.11998966416321033, 0.17154798785762548, 2.365549555633635], 8.0
[1300.0, 0.17154798785762548, 0.20562043079908152, 2.349261979097502] 
[1320.0, 0.20562043079908152, 0.23448063782538653, 2.32802203829296] 
[1340.0, 0.23448063782538653, 0.2561512044437807, 2.3027923718981174] 
[1360.0, 0.2561512044437807, 0.1910552466958179, 2.237824410662439] 
[1380.0, 0.1910552466958179, 0.5460279899135203, 2.3151736967330523] 
[1400.0, 0.28111177953618366, 0.41463792156289747, 2.3221503695171464], 8.0
[1420.0, 0.2667616410655774, 0.2789527522520619, 2.293984135877466], 3.0
[1440.0, 0.2789527522520619, 0.09443675848947786, 2.153609331342653] 
[1460.0, 0.09443675848947786, 0.02388885348860423, 1.9882851687888012] 
[1480.0, 0.02388885348860423, 0.04337523814343729, 2.019560643750113] 
[1500.0, 0.04337523814343729, 0.0808942994839558, 2.0525775926895182] 
[1520.0, 0.0808942994839558, 0.16966346247793024, 2.0958703851036464] 
[1540.0, 0.16966346247793024, 0.448962176826734, 2.159814795645321] 
[1560.0, 0.24644726877163978, 0.36880470232360185, 2.169405507106777], 15.0
[1580.0, 0.2411583346890583, 0.2837670465487484, 2.1568007784741132], 8.0
[1600.0, 0.2837670465487484, 0.4012562787060161, 2.161079325373896] 
[1620.0, 0.19484345815294904, 0.8305137607336799, 2.263515912611107], 6.0
[1640.0, 0.09035325332825615, 0.12793278962408275, 2.266505817671424], 12.0
[1660.0, 0.12793278962408275, 0.12318875242894467, 2.235914449954343] 
[1680.0, 0.12318875242894467, 0.1851700399632727, 2.244295239494722] 
[1700.0, 0.1851700399632727, 0.24259641015686811, 2.240815737210808] 
[1720.0, 0.24259641015686811, 0.27417273259571256, 2.2250229318453165] 
[1740.0, 0.27417273259571256, 0.2138167296097291, 2.1788324177178198] 
[1760.0, 0.2138167296097291, 0.7247429547239488, 2.2541351553522597] 
[1780.0, 0.2163856537065246, 0.26316419140338954, 2.244670622348639], 14.0
[1800.0, 0.26316419140338954, 0.2766948361227584, 2.2237483112018834] 
[1820.0, 0.2766948361227584, 0.2665172109376803, 2.1963408012777643] 
[1840.0, 0.2665172109376803, 0.9704874134155477, 2.273798010016092] 
[1860.0, 0.20582690526507988, 0.29692081850048885, 2.2777704330417268], 12.0
[1880.0, 0.29692081850048885, 0.37239223716264497, 2.270918872480276] 
[1900.0, 0.2810564864649098, 0.5486369500808346, 2.2978034989953606], 9.0
[1920.0, 0.4257497288983282, 1.0762528452515236, 2.343552396675982] 
[1940.0, 0.15535031296074045, 0.5444185638734229, 2.4126493365876103] 
[1960.0, 0.15952766238179497, 0.2784093242583658, 2.429020308560299], 6.0
[1980.0, 0.2784093242583658, 0.5581593939610798, 2.4551650348749128] 
[2000.0, 0.05989087374550481, 0.25496832918815626, 2.535108882990923], 5.0
[2020.0, 0.25496832918815626, 0.7207896551761817, 2.58422959956244] 
[2040.0, 0.14006539012190006, 0.20421334460558763, 2.585559536403571], 11.0
[2060.0, 0.20421334460558763, 0.15646914969411752, 2.541806584176636] 
[2080.0, 0.15646914969411752, 0.14927742309538894, 2.5141025666049526] 
[2100.0, 0.14927742309538894, 0.17455911605241448, 2.5009072904555825] 
[2120.0, 0.17455911605241448, 0.1536336779876091, 2.4686241463135525] 
[2140.0, 0.1536336779876091, 0.15023047207873674, 2.4440427509709672] 
[2160.0, 0.15023047207873674, 0.25408222711555356, 2.4565107806375672] 
[2180.0, 0.25408222711555356, 0.3091422919773359, 2.446954515271555] 
[2200.0, 0.2801973780944418, 0.254167154616799, 2.418315571973825], 24.0
[2220.0, 0.254167154616799, 0.3190828346840364, 2.4113106295795625] 
[2240.0, 0.06345781667375584, 0.06779442166579827, 2.3940386009237002], 24.0
[2260.0, 0.06779442166579827, 0.08036293566688611, 2.3837092194109593] 
[2280.0, 0.08036293566688611, 0.16255586472348507, 2.407375517260716] 
[2300.0, 0.16255586472348507, 0.5632902053125016, 2.464395850975702] 
[2320.0, 0.039085113867046065, 0.08493502502501395, 2.4914157301095785], 6.0
[2340.0, 0.08493502502501395, 0.11949310679700342, 2.491168411211137] 
[2360.0, 0.11949310679700342, 0.07642367680895772, 2.4427332627251124] 
[2380.0, 0.07642367680895772, 0.13259564348046962, 2.455607008489121] 
[2400.0, 0.13259564348046962, 0.19228091233921185, 2.457484540853031] 
[2420.0, 0.19228091233921185, 0.17694891246910777, 2.4322209223758793] 
[2440.0, 0.17694891246910777, 0.05649523463974634, 2.3447792833321888] 
[2460.0, 0.05649523463974634, 0.27710617543100696, 2.418977735316821] 
[2480.0, 0.27710617543100696, 1.8863823564328095, 2.5110469214197146] 
[2500.0, 0.2859263592623108, 0.5471246417380584, 2.52840758234742], 20.0
[2520.0, 0.4869678201308592, 0.8991312924957076, 2.54344821092037] 
[2540.0, 0.8991312924957076, 1.3562980726466434, 2.5467702947967314] 
[2560.0, 0.805500167067642, 0.7337815257888414, 2.5216184055622684] 
[2580.0, 0.3348984625420072, 0.4544904773776881, 2.519145639396786] 
[2600.0, 0.14690718250990906, 0.15167568695740297, 2.5015400926478564], 8.0
[2620.0, 0.15167568695740297, 0.2393523690753867, 2.5075644522532925] 
[2640.0, 0.2393523690753867, 0.23796785364624382, 2.4882507295730605] 
[2660.0, 0.23796785364624382, 0.2196172044012036, 2.4651896105309006] 
[2680.0, 0.2196172044012036, 0.34109287878083877, 2.4704931790484004] 
[2700.0, 0.2958914968396355, 0.25161998440902844, 2.4435331655785437], 26.0
[2720.0, 0.25161998440902844, 0.26133956431814837, 2.4275762688300953] 
[2740.0, 0.26133956431814837, 0.42850266719123314, 2.4358924505494466] 
[2760.0, 0.2519568631115248, 0.1710826126232585, 2.3980061425497126], 29.0
[2780.0, 0.1710826126232585, 0.1896627790896251, 2.386104783131326] 
[2800.0, 0.1896627790896251, 0.3091846499294557, 2.3942408959271018] 
[2820.0, 0.038313013076499605, 0.0738093802913963, 2.4108054884447627] 
[2840.0, 0.0738093802913963, 0.08493009088656364, 2.400957267279038] 
[2860.0, 0.08493009088656364, 0.06905224519159406, 2.3737272349817014] 
[2880.0, 0.06905224519159406, 0.0953579385997832, 2.3734119321374902] 
[2900.0, 0.0953579385997832, 0.12510131837434738, 2.370549506383696] 
[2920.0, 0.12510131837434738, 0.11844898213999089, 2.3516131675679] 
[2940.0, 0.11844898213999089, 0.08110793318165606, 2.3170324363431942] 
[2960.0, 0.08110793318165606, 0.19017201824138033, 2.3429102593442437] 
[2980.0, 0.19017201824138033, 0.23403029917726514, 2.33723268506458] 
[3000.0, 0.23403029917726514, 0.16809209350234186, 2.305736351944112] 
[3020.0, 0.16809209350234186, 0.2151437254627701, 2.302256273421758] 
[3040.0, 0.2151437254627701, 0.4099271324577075, 2.317704150483823] 
[3060.0, 0.06320278488326216, 0.08104247978683642, 2.314277658992956], 20.0
[3080.0, 0.08104247978683642, 0.08365288984249139, 2.300734851488961] 
[3100.0, 0.08365288984249139, 0.20176076034254012, 2.3268642502721826] 
[3120.0, 0.20176076034254012, 0.7967987871784181, 2.3754603074441487] 
[3140.0, 0.07197371529940706, 0.10038698755316855, 2.3756175741974643], 1.0
[3160.0, 0.10038698755316855, 0.08351222280600629, 2.3521797096482424] 
[3180.0, 0.08351222280600629, 0.031552242297497424, 2.2932274841328213] 
[3200.0, 0.031552242297497424, 0.04487089302654949, 2.2947709798984475] 
[3220.0, 0.04487089302654949, 0.0484740746069484, 2.283978410453497] 
[3240.0, 0.0484740746069484, 0.020381906829342163, 2.2313018669412124] 
[3260.0, 0.020381906829342163, 0.0282584352362264, 2.2320727926622297] 
[3280.0, 0.0282584352362264, 0.04207463314159605, 2.2359707973219427] 
[3300.0, 0.04207463314159605, 0.04180436315744942, 2.222137726825157] 
[3320.0, 0.04180436315744942, 0.022991419486408402, 2.1827706927800246] 
[3340.0, 0.022991419486408402, 0.09495890859735066, 2.2309639165662922] 
[3360.0, 0.09495890859735066, 0.5528367411279749, 2.29332360279771] 
[3380.0, 0.2701579198931614, 0.45669275310541135, 2.302162543626844], 0.0
[3400.0, 0.44568730337984686, 0.761496738015338, 2.311349999084907] 
[3420.0, 0.41192995786784015, 0.08448642776801597, 2.2310027024230537] 
[3440.0, 0.08448642776801597, 0.10807999534604015, 2.2283604777792254] 
[3460.0, 0.10807999534604015, 0.12395636469742083, 2.2211946031298515] 
[3480.0, 0.12395636469742083, 0.07224434890702491, 2.186047631169239] 
[3500.0, 0.07224434890702491, 0.0668355652403718, 2.17034825234507] 
[3520.0, 0.0668355652403718, 0.09341502985066112, 2.171739417943571] 
[3540.0, 0.09341502985066112, 0.10214265417542262, 2.1631097844918723] 
[3560.0, 0.10214265417542262, 0.060108928138837885, 2.1294705650911645] 
[3580.0, 0.060108928138837885, 0.05783053631084511, 2.1160168800157457] 
[3600.0, 0.05783053631084511, 0.08409960269228448, 2.1192686613307297] 
[3620.0, 0.08409960269228448, 0.1955851806170393, 2.141196076800087] 
[3640.0, 0.1955851806170393, 0.23453879875406594, 2.1366298769046166] 
[3660.0, 0.23453879875406594, 0.21581173252629332, 2.121674158920787] 
[3680.0, 0.21581173252629332, 0.219254030660784, 2.1107637033336535] 
[3700.0, 0.219254030660784, 0.6885621077041627, 2.143975343460034] 
[3720.0, 0.25774178243156465, 0.35861742177841893, 2.1452582487549003], 6.0
[3740.0, 0.2188535564001645, 0.18727743280224673, 2.1277758847264168], 16.0
[3760.0, 0.18727743280224673, 0.29506593822737326, 2.1339010216573264] 
[3780.0, 0.29506593822737326, 1.4509204856810727, 2.183400465038077] 
[3800.0, 0.1315532090714629, 0.30157547084270625, 2.203405532266369], 18.0
[3820.0, 0.17621959830280023, 0.19284372191233098, 2.195274032005914] 
[3840.0, 0.19284372191233098, 0.17599432828645328, 2.18040533280255] 
[3860.0, 0.17599432828645328, 0.2433123690300179, 2.1812136141524086] 
[3880.0, 0.2433123690300179, 0.2582005502608397, 2.1721785546008396] 
[3900.0, 0.2582005502608397, 0.24666914537898754, 2.159349054118797] 
[3920.0, 0.24666914537898754, 0.6412275607185022, 2.1834916397664834] 
[3940.0, 0.18701266278249684, 0.26973588888021655, 2.1858193859657415], 8.0
[3960.0, 0.26973588888021655, 0.27792894155521075, 2.1758700099437362] 
[3980.0, 0.27792894155521075, 0.1372253757327702, 2.1393538595192703] 
[4000.0, 0.1372253757327702, 0.4883651611079563, 2.1744424151166566] 
[4020.0, 0.12472481941859082, 0.18979296695873668, 2.1786909093630493], 0.0
[4040.0, 0.18979296695873668, 0.17549844091045394, 2.165109065299737] 
[4060.0, 0.17549844091045394, 0.04045788953961882, 2.102301502310333] 
[4080.0, 0.04045788953961882, 0.14966040438272277, 2.1382509951594826] 
[4100.0, 0.14966040438272277, 0.2671393020298594, 2.1482082992114075] 
[4120.0, 0.2671393020298594, 0.3356047513608836, 2.1457696884743394] 
[4140.0, 0.2525900815649731, 0.22482025215491605, 2.1313450525774127], 26.0
[4160.0, 0.22482025215491605, 0.32794951208074635, 2.1341919928781508] 
[4180.0, 0.08481081467596002, 0.09594982154230357, 2.128239683843911], 5.0
[4200.0, 0.09594982154230357, 0.07812656251877396, 2.111046471432173] 
[4220.0, 0.07812656251877396, 0.14936943386449555, 2.123197907810584] 
[4240.0, 0.14936943386449555, 0.24107385910753554, 2.129470329644147] 
[4260.0, 0.24107385910753554, 0.2951212457618062, 2.126323346020201] 
[4280.0, 0.2951212457618062, 0.15626811457555906, 2.0949553783381085] 
[4300.0, 0.15626811457555906, 0.4159537745399121, 2.118057906167408] 
[4320.0, 0.16089759049159183, 0.7701428768520814, 2.1605433648901395], 3.0
[4340.0, 0.05733669409723657, 0.11401680703299956, 2.1734375400707697], 7.0
[4360.0, 0.11401680703299956, 0.11617505335053706, 2.164088143143014] 
[4380.0, 0.11617505335053706, 0.07805105042854953, 2.141105769114713] 
[4400.0, 0.07805105042854953, 0.08584256692340975, 2.134493360363062] 
[4420.0, 0.08584256692340975, 0.08705847460758658, 2.125294103642241] 
[4440.0, 0.08705847460758658, 0.06116070154110382, 2.1042481890527003] 
[4460.0, 0.06116070154110382, 0.1580006944098662, 2.125512861719648] 
[4480.0, 0.1580006944098662, 0.19273010922790465, 2.12242242651089] 
[4500.0, 0.19273010922790465, 0.15961258616412483, 2.106944825614381] 
[4520.0, 0.15961258616412483, 0.1646681778881397, 2.0986173565257977] 
[4540.0, 0.1646681778881397, 0.3431074159195629, 2.112700507539432] 
[4560.0, 0.08760280107964648, 0.12855772397643062, 2.1155695269566714], 28.0
[4580.0, 0.12855772397643062, 0.14112333288652165, 2.109268792032083] 
[4600.0, 0.14112333288652165, 0.5289843694401565, 2.1415386789267394] 
[4620.0, 0.23695478643403678, 1.3241205933471467, 2.1859984857725787], 27.0
[4640.0, 0.058493898109118786, 0.26220840268954126, 2.2232216793300212], 7.0
[4660.0, 0.26220840268954126, 0.3946189599297029, 2.2263354565650344] 
[4680.0, 0.16563940350653306, 0.2073364999149934, 2.223742745236713], 23.0
[4700.0, 0.2073364999149934, 0.18292549695709462, 2.210434947696359] 
[4720.0, 0.18292549695709462, 0.17767163493647567, 2.2001779605654295] 
[4740.0, 0.17767163493647567, 0.1673724531606082, 2.189076971862396] 
[4760.0, 0.1673724531606082, 0.323994641983474, 2.1998982419833952] 
[4780.0, 0.2141610298256889, 0.25810295355923396, 2.196326506017932], 9.0
[4800.0, 0.25810295355923396, 0.23641985256107412, 2.1845377400613524] 
[4820.0, 0.23641985256107412, 0.21888978340936718, 2.1731673227339603] 
[4840.0, 0.21888978340936718, 0.3178310201490715, 2.1753041379082463] 
[4860.0, 0.22069442279088106, 0.11769008968048209, 2.1476885379399535], 26.0
[4880.0, 0.11769008968048209, 0.1380729598364575, 2.1436086252791378] 
[4900.0, 0.1380729598364575, 0.3470865733646299, 2.161999299195477] 
[4920.0, 0.19407514969980155, 0.2254831426093767, 2.1576091430913857], 3.0
[4940.0, 0.2254831426093767, 0.19333713370431477, 2.1443819639398147] 
[4960.0, 0.19333713370431477, 0.291924050019864, 2.1477206316866737] 
[4980.0, 0.291924050019864, 0.6225409026409426, 2.161034515853523] 
[5000.0, 0.23055689082089886, 0.32148580639431074, 2.1619830229635832], 19.0
[5020.0, 0.25441395765366404, 0.3220480583034155, 2.160144408763054], 14.0
[5040.0, 0.15371522455827188, 0.40664171298330926, 2.17941959267682], 8.0
[5060.0, 0.20753482356703412, 1.2151176955217138, 2.221194035361916], 7.0
[5080.0, 0.18385549129683365, 0.3122346386421593, 2.2274896952398033], 11.0
[5100.0, 0.06077441035501749, 0.08778722486785925, 2.229157324229581] 
[5120.0, 0.08778722486785925, 0.16015109854446868, 2.237390123364386] 
[5140.0, 0.16015109854446868, 0.1738523476775626, 2.230988388544721] 
[5160.0, 0.1738523476775626, 0.17091085074973933, 2.221864042935506] 
[5180.0, 0.17091085074973933, 0.17590276494984372, 2.214087235178066] 
[5200.0, 0.17590276494984372, 0.3636944834074337, 2.2257243781714697] 
[5220.0, 0.06883100793247139, 0.0840599125683575, 2.2227208234581304], 10.0
[5240.0, 0.0840599125683575, 0.0772207259613627, 2.211900708890848] 
[5260.0, 0.0772207259613627, 0.06849246138079781, 2.2002006508601366] 
[5280.0, 0.06849246138079781, 0.10536976487114356, 2.203636327242763] 
[5300.0, 0.10536976487114356, 0.12054261292173767, 2.198982648416136] 
[5320.0, 0.12054261292173767, 0.07572439148649454, 2.178108404291417] 
[5340.0, 0.07572439148649454, 0.18099912528241713, 2.1934928810610925] 
[5360.0, 0.18099912528241713, 0.2373664414465537, 2.192605468405871] 
[5380.0, 0.2373664414465537, 0.21355171305798515, 2.1816193790787426] 
[5400.0, 0.21355171305798515, 0.1355710951715006, 2.1613997544584156] 
[5420.0, 0.1355710951715006, 0.44456445359250285, 2.1850356037212286] 
[5440.0, 0.06764177582677776, 0.08075101108964483, 2.1817002851067526], 11.0
[5460.0, 0.08075101108964483, 0.06407437057045387, 2.1675963843805266] 
[5480.0, 0.06407437057045387, 0.13603356874316003, 2.1795055837076545] 
[5500.0, 0.13603356874316003, 0.580741610737512, 2.209651630709384] 
[5520.0, 0.13108320299336546, 0.29217329817935217, 2.22259386221682], 18.0
[5540.0, 0.29217329817935217, 0.3507967712465444, 2.2193319914766616] 
[5560.0, 0.29461672500046576, 0.5210620985352893, 2.226144034421123], 22.0
[5580.0, 0.17608630701448655, 0.25700234323056276, 2.2279409874871012], 8.0
[5600.0, 0.25700234323056276, 0.3172133989398943, 2.2254067732058957] 
[5620.0, 0.11872435125533329, 0.10052430027610205, 2.2132154398676827], 17.0
[5640.0, 0.10052430027610205, 0.08208442811520329, 2.200183402344062] 
[5660.0, 0.08208442811520329, 0.10485821868599549, 2.1986502362108196] 
[5680.0, 0.10485821868599549, 0.09916220812890258, 2.189489889599099] 
[5700.0, 0.09916220812890258, 0.09918842518157048, 2.181814159763239] 
[5720.0, 0.09918842518157048, 0.4031653971337319, 2.2095548120138195] 
[5740.0, 0.047497953019051325, 0.13524554915042453, 2.2281564306370516], 1.0
[5760.0, 0.13524554915042453, 0.19141363315082827, 2.229119645646642] 
[5780.0, 0.19141363315082827, 0.11226445257961216, 2.208088221228268] 
[5800.0, 0.11226445257961216, 0.059155856768371436, 2.1845377744443617] 
[5820.0, 0.059155856768371436, 0.08646590529798494, 2.1864398844904787] 
[5840.0, 0.08646590529798494, 0.08854272601970212, 2.179538419492049] 
[5860.0, 0.08854272601970212, 0.033224507611099456, 2.1479678792818553] 
[5880.0, 0.033224507611099456, 0.012184274373141974, 2.1160491537735995] 
[5900.0, 0.012184274373141974, 0.0185414636693012, 2.119142797328062] 
[5920.0, 0.0185414636693012, 0.033504088183384524, 2.1264021461428664] 
[5940.0, 0.033504088183384524, 0.08908735464138566, 2.142994790780578] 
[5960.0, 0.08908735464138566, 0.39144077408849465, 2.171634094678309] 
[5980.0, 0.26182920125532216, 0.4543172726069313, 2.1776666587266766], 2.0
[6000.0, 0.19116608533157678, 0.23639057455194776, 2.1755135351095922], 20.0
[6020.0, 0.23639057455194776, 0.2301585695536886, 2.1676456437434757] 
[6040.0, 0.2301585695536886, 0.30480247600208277, 2.167177387680149] 
[6060.0, 0.2982757312370555, 0.3721667272648105, 2.165294004891272], 15.0
[6080.0, 0.2452576005529692, 0.19175371773710156, 2.152331799327773], 24.0
[6100.0, 0.19175371773710156, 0.5925736771094374, 2.1719592359242084] 
[6120.0, 0.21870400865096207, 0.3677988898419884, 2.17711521000939], 11.0
[6140.0, 0.29409594206143125, 0.2672641975779778, 2.1677757420715573], 27.0
[6160.0, 0.2672641975779778, 0.3202100471409353, 2.1649704959437424] 
[6180.0, 0.16739627703745377, 0.0291688970309129, 2.117175046076071] 
[6200.0, 0.0291688970309129, 0.21665950249642912, 2.157005558409127] 
[6220.0, 0.21665950249642912, 0.4713396343253987, 2.1680977830995753] 
[6240.0, 0.18182049725209704, 0.20112198948150734, 2.1634813795843013], 10.0
[6260.0, 0.20112198948150734, 0.04945165536157532, 2.1242373479276995] 
[6280.0, 0.04945165536157532, 0.05970515264196273, 2.121800869566397] 
[6300.0, 0.05970515264196273, 0.07305341282924441, 2.1196855688581557] 
[6320.0, 0.07305341282924441, 0.10977652937672946, 2.12227431794212] 
[6340.0, 0.10977652937672946, 0.10575511801326644, 2.114730201013987] 
[6360.0, 0.10575511801326644, 0.10108508309340307, 2.1070556191457634] 
[6380.0, 0.10108508309340307, 0.10971625414677719, 2.1023032058430857] 
[6400.0, 0.10971625414677719, 0.23597583185148382, 2.1129969745228663] 
[6420.0, 0.23597583185148382, 0.2673913032654564, 2.109223049899459] 
[6440.0, 0.2673913032654564, 0.24071780911681553, 2.1003184804552375] 
[6460.0, 0.24071780911681553, 0.29420147184200157, 2.098296775917675] 
[6480.0, 0.29420147184200157, 0.49958744901268304, 2.1036096372392654] 
[6500.0, 0.07932965877274438, 0.10066188270641477, 2.102422918936778], 15.0
[6520.0, 0.10066188270641477, 0.0731841778323705, 2.0889198761687298] 
[6540.0, 0.0731841778323705, 0.05482556321644175, 2.0761604415488715] 
[6560.0, 0.05482556321644175, 0.09213562749555673, 2.0812470012637307] 
[6580.0, 0.09213562749555673, 0.10485312506072411, 2.0777559590423067] 
[6600.0, 0.10485312506072411, 0.0443760113800237, 2.052664002276309] 
[6620.0, 0.0443760113800237, 0.015435115840187289, 2.0234480432035427] 
[6640.0, 0.015435115840187289, 0.08713192586532169, 2.054958517784518] 
[6660.0, 0.08713192586532169, 0.12673173290458783, 2.0569031540077307] 
[6680.0, 0.12673173290458783, 0.11214727875432325, 2.0481042942894088] 
[6700.0, 0.11214727875432325, 0.05785575948857675, 2.0277388766441407] 
[6720.0, 0.05785575948857675, 0.07077436983824067, 2.0260308206605533] 
[6740.0, 0.07077436983824067, 0.06814560952108416, 2.019208677446473] 
[6760.0, 0.06814560952108416, 0.036580797503608355, 1.9999575544013988] 
[6780.0, 0.036580797503608355, 0.08439977967980693, 2.0118478375009263] 
[6800.0, 0.08439977967980693, 0.10581025808965706, 2.0107272315465026] 
[6820.0, 0.10581025808965706, 0.07448170845247813, 1.997403670312752] 
[6840.0, 0.07448170845247813, 0.0771933056553481, 1.992317542243471] 
[6860.0, 0.0771933056553481, 0.13821587611414354, 1.9987594108518631] 
[6880.0, 0.13821587611414354, 0.17551378787434357, 1.9979586717101931] 
[6900.0, 0.17551378787434357, 0.08210121552084347, 1.976281851176322] 
[6920.0, 0.08210121552084347, 0.06433299291965212, 1.9654855918705851] 
[6940.0, 0.06433299291965212, 0.2529674059735761, 1.9882842039612638] 
[6960.0, 0.2529674059735761, 0.357187562340852, 1.9897220415186736] 
[6980.0, 0.16503400349321884, 0.301660632275741, 1.9964873526494182] 
[7000.0, 0.25206262471457386, 0.4991877479125465, 2.004865964650672], 22.0
[7020.0, 0.1703102238563492, 0.27439186468078774, 2.0089557007144383], 20.0
[7040.0, 0.27439186468078774, 0.38919461418935397, 2.0104111395959725] 
[7060.0, 0.09768041713670138, 0.16464139058268434, 2.015384278098781], 12.0
[7080.0, 0.16464139058268434, 0.2634876513501154, 2.0192731399870385] 
[7100.0, 0.2634876513501154, 0.3047733808291015, 2.0165428149758764] 
[7120.0, 0.09321069264843004, 0.0713556986441873, 2.0054645091563468], 10.0
[7140.0, 0.0713556986441873, 0.09488905897415138, 2.0056062485948987] 
[7160.0, 0.09488905897415138, 0.3161606903490685, 2.024254615887003] 
[7180.0, 0.0449526492433993, 0.055740784179988574, 2.022938128889248], 10.0
[7200.0, 0.055740784179988574, 0.041385085779783046, 2.011351879209287] 
[7220.0, 0.041385085779783046, 0.0690095577873099, 2.015997514453984] 
[7240.0, 0.0690095577873099, 0.11619941577305751, 2.0208115368151818] 
[7260.0, 0.11619941577305751, 0.14655250426383104, 2.0198563370660594] 
[7280.0, 0.14655250426383104, 0.08273110668303621, 2.002976019730342] 
[7300.0, 0.08273110668303621, 0.2124430051402023, 2.016126414969219] 
[7320.0, 0.2124430051402023, 0.8261439183035855, 2.0373845024356814] 
[7340.0, 0.14586422976864408, 0.18488392462839998, 2.0364923601270717], 14.0
[7360.0, 0.18488392462839998, 0.19286525249251074, 2.0317868571649123] 
[7380.0, 0.19286525249251074, 0.3663993774899192, 2.0388256977716055] 
[7400.0, 0.18853709426529316, 0.40636257013288024, 2.0482872380980783], 29.0
[7420.0, 0.13528207492495167, 0.19779645818113137, 2.0501523115820404], 22.0
[7440.0, 0.19779645818113137, 0.33120891325264784, 2.05463745194386] 
[7460.0, 0.1198186672017344, 0.18019944558738235, 2.057021022870708], 13.0
[7480.0, 0.18019944558738235, 0.2211044702465338, 2.0554666033055184] 
[7500.0, 0.2211044702465338, 0.19258471238912067, 2.047328892246713] 
[7520.0, 0.19258471238912067, 0.27470999753376285, 2.0486979142169863] 
[7540.0, 0.27470999753376285, 1.3318882105135548, 2.0734691621513615] 
[7560.0, 0.19932787869487792, 0.5346177343579249, 2.0868113626593816], 8.0
[7580.0, 0.29870898800170015, 0.4010552364325892, 2.0869129197662697], 12.0
[7600.0, 0.35538598373177466, 0.6640865040790995, 2.093289259403928] 
[7620.0, 0.29846676335062833, 0.41873207979924354, 2.0942052608864627] 
[7640.0, 0.24780756011268082, 0.2662950114778725, 2.0900817549785344], 17.0
[7660.0, 0.2662950114778725, 0.3402835287006996, 2.0892422715082173] 
[7680.0, 0.16596667556169287, 0.35755304054923154, 2.0982190322557033], 17.0
[7700.0, 0.2668070562260297, 0.3264910651166442, 2.096551537224862], 4.0
[7720.0, 0.20516828155930975, 0.2301742951547801, 2.0932692666245267], 26.0
[7740.0, 0.2301742951547801, 0.34035333364608006, 2.095151083917935] 
[7760.0, 0.27092800153177204, 0.7387204091650645, 2.108399649769019], 22.0
[7780.0, 0.18925620349409986, 0.26796404486796394, 2.1094281705191897], 17.0
[7800.0, 0.26796404486796394, 0.26515087128086184, 2.1038241759124854] 
[7820.0, 0.26515087128086184, 0.10999934618442062, 2.0822118565304804] 
[7840.0, 0.10999934618442062, 0.1493125141640847, 2.082523052519856] 
[7860.0, 0.1493125141640847, 0.1791984244517795, 2.080572903117143] 
[7880.0, 0.1791984244517795, 0.1442509600869268, 2.071320471485081] 
[7900.0, 0.1442509600869268, 0.32626687952502914, 2.0809813262523678] 
[7920.0, 0.21362544738630743, 0.8205189882269637, 2.100239620975268], 20.0
[7940.0, 0.15445133514800088, 0.21331640880626185, 2.100816380156066], 6.0
[7960.0, 0.21331640880626185, 0.15677359035564642, 2.089956132995231] 
[7980.0, 0.15677359035564642, 0.053058031625758596, 2.06513118670091] 
[8000.0, 0.053058031625758596, 0.06985782019215896, 2.064928989629154] 
[8020.0, 0.06985782019215896, 0.0785439575906379, 2.0618877535768116] 
[8040.0, 0.0785439575906379, 0.08520429796671056, 2.0582192008741025] 
[8060.0, 0.08520429796671056, 0.31723813383639715, 2.0766425786669864] 
[8080.0, 0.03465765736457083, 0.13832316233371697, 2.096215204849541], 3.0
[8100.0, 0.13832316233371697, 0.19028300581502272, 2.096719660676359] 
[8120.0, 0.19028300581502272, 0.15410776683217495, 2.0878089331063694] 
[8140.0, 0.15410776683217495, 0.04695222783851717, 2.0616143896033146] 
[8160.0, 0.04695222783851717, 0.07287817930629173, 2.0643346154028515] 
[8180.0, 0.07287817930629173, 0.0848002624583206, 2.061959491805165] 
[8200.0, 0.0848002624583206, 0.04553927206269336, 2.0459918162211097] 
[8220.0, 0.04553927206269336, 0.01335878231726222, 2.0194891266258117] 
[8240.0, 0.01335878231726222, 0.016310661543911014, 2.0180829247231347] 
[8260.0, 0.016310661543911014, 0.029494137586985072, 2.0235429288724425] 
[8280.0, 0.029494137586985072, 0.06995107804744687, 2.0337024636628285] 
[8300.0, 0.06995107804744687, 0.2921873092743761, 2.0536510760572853] 
[8320.0, 0.2921873092743761, 0.5295662745407793, 2.059025925980049] 
[8340.0, 0.23297189815941216, 0.22930781046663043, 2.053813987941084], 19.0
[8360.0, 0.22930781046663043, 0.15326446865467525, 2.041947659978107] 
[8380.0, 0.15326446865467525, 0.24792277727147227, 2.0453543188573304] 
[8400.0, 0.24792277727147227, 0.2756368191715319, 2.042304401343609] 
[8420.0, 0.2756368191715319, 0.24260533815025556, 2.035266180449672] 
[8440.0, 0.24260533815025556, 0.6465494394011949, 2.0471985994190613] 
[8460.0, 0.1639226395468299, 0.14505796531387108, 2.040273950217171] 
[8480.0, 0.14505796531387108, 0.20607962622491427, 2.041435714060957] 
[8500.0, 0.20607962622491427, 0.354324358747744, 2.0458307920040406] 
[8520.0, 0.16300408563591273, 0.6240863387104383, 2.063761206880032] 
[8540.0, 0.2996550864143641, 3.646363458181452, 2.1011421361852056], 25.0
[8560.0, 0.1710406566813867, 0.2810743340488429, 2.104604566061842], 17.0
[8580.0, 0.2810743340488429, 0.32809122055001694, 2.1022994886025557] 
[8600.0, 0.10027911094041397, 0.17496892536390568, 2.106748531771711] 
[8620.0, 0.17496892536390568, 0.16645268197899393, 2.101025372710599] 
[8640.0, 0.16645268197899393, 0.16254216490806328, 2.0957649192860286] 
[8660.0, 0.16254216490806328, 0.1873498760528013, 2.0932911089455364] 
[8680.0, 0.1873498760528013, 0.37186671904998403, 2.099862449865759] 
[8700.0, 0.1008991669341228, 0.14478873091853503, 2.1010240885683538] 
[8720.0, 0.14478873091853503, 0.16508973730671386, 2.0983761103694385] 
[8740.0, 0.16508973730671386, 0.09590211834990946, 2.0846084779550105] 
[8760.0, 0.09590211834990946, 0.07124928904206695, 2.0749554099181475] 
[8780.0, 0.07124928904206695, 0.08754279391246297, 2.073612832785039] 
[8800.0, 0.08754279391246297, 0.15786058280964257, 2.0785658791593353] 
[8820.0, 0.15786058280964257, 0.32458216314825417, 2.0856431984875523] 
[8840.0, 0.04145437177186531, 0.061173560612409396, 2.087275046393255], 21.0
[8860.0, 0.061173560612409396, 0.06145901740997878, 2.0826391710175405] 
[8880.0, 0.06145901740997878, 0.026125246506014263, 2.0640501182469584] 
[8900.0, 0.026125246506014263, 0.0443282930530828, 2.067982400677028] 
[8920.0, 0.0443282930530828, 0.05733549055340875, 2.067507110888691] 
[8940.0, 0.05733549055340875, 0.04889283678618021, 2.060311285951865] 
[8960.0, 0.04889283678618021, 0.057973440522363154, 2.058455334347629] 
[8980.0, 0.057973440522363154, 0.12384247155560121, 2.0660650346821194] 
[9000.0, 0.12384247155560121, 0.15513761088143616, 2.0650853603863637] 
[9020.0, 0.15513761088143616, 0.10443774908049289, 2.054177130980163] 
[9040.0, 0.10443774908049289, 0.1705744197527871, 2.0574616731636857] 
[9060.0, 0.1705744197527871, 0.7264339508386146, 2.0759929975251783] 
[9080.0, 0.06304959668388092, 0.17237047551712667, 2.0873999913242893] 
[9100.0, 0.17237047551712667, 0.2616331003313609, 2.089428039589881] 
[9120.0, 0.2616331003313609, 0.43740555560600713, 2.0929756367685206] 
[9140.0, 0.06914914343648812, 0.1323174357445003, 2.098638927447528], 21.0
[9160.0, 0.1323174357445003, 0.1827615244245906, 2.0991436372154944] 
[9180.0, 0.1827615244245906, 0.15118430715520778, 2.091589359303212] 
[9200.0, 0.15118430715520778, 0.14772457975909137, 2.086679398721996] 
[9220.0, 0.14772457975909137, 0.19376374997661483, 2.0863979769958294] 
[9240.0, 0.19376374997661483, 0.1720767501959519, 2.0800286468758937] 
[9260.0, 0.1720767501959519, 0.20375158379261743, 2.078168531979541] 
[9280.0, 0.20375158379261743, 0.8923985653378202, 2.0966517562701] 
[9300.0, 0.15841601156764426, 0.21326185614403703, 2.0967547394740405], 13.0
[9320.0, 0.21326185614403703, 0.35805629502774783, 2.1002763010003798] 
[9340.0, 0.35805629502774783, 0.6384442004913193, 2.1047122629201547] 
[9360.0, 0.5253817915630501, 0.7510458188745874, 2.1057228641050787] 
[9380.0, 0.2899977409584421, 0.43323705027271187, 2.1074069834255056], 25.0
[9400.0, 0.23415564130082542, 0.2346828466548005, 2.1029576558098766] 
[9420.0, 0.2346828466548005, 0.3376079321313412, 2.1040621661359826] 
[9440.0, 0.2502561492431306, 0.1837076657464247, 2.094879897874286] 
[9460.0, 0.1837076657464247, 0.2558119622906637, 2.0955003621572135] 
[9480.0, 0.2558119622906637, 0.3518970684021111, 2.095932531921744] 
[9500.0, 0.22741244605561953, 0.2747024099948891, 2.0943890776834557], 7.0
[9520.0, 0.2747024099948891, 0.3230470399725084, 2.092445767525801] 
[9540.0, 0.15876098585294887, 0.1436864200437887, 2.0865503601668607], 21.0
[9560.0, 0.1436864200437887, 0.04507121086680499, 2.0646888991310637] 
[9580.0, 0.04507121086680499, 0.1726822387797887, 2.0806064754124867] 
[9600.0, 0.1726822387797887, 0.2889027936694292, 2.0840058833026003] 
[9620.0, 0.2889027936694292, 0.27405435642405096, 2.0788819408582677] 
[9640.0, 0.27405435642405096, 0.05502740006578543, 2.0505415219218497] 
[9660.0, 0.05502740006578543, 0.08901660305246334, 2.0534795755158703] 
[9680.0, 0.08901660305246334, 0.13447812801716, 2.0553858697244367] 
[9700.0, 0.13447812801716, 0.13931247396410631, 2.05167324829055] 
[9720.0, 0.13931247396410631, 0.12777069270376515, 2.046168082300193] 
[9740.0, 0.12777069270376515, 0.5603153070941396, 2.0638626236961226] 
[9760.0, 0.0454718771330147, 0.08579402478611271, 2.069017645079495], 1.0
[9780.0, 0.08579402478611271, 0.08669997852940943, 2.0649414787597453] 
[9800.0, 0.08669997852940943, 0.030064396617927095, 2.0451357243975603] 
[9820.0, 0.030064396617927095, 0.04254513438690702, 2.046071681630656] 
[9840.0, 0.04254513438690702, 0.053981390348897616, 2.0454035276623737] 
[9860.0, 0.053981390348897616, 0.04079387331450647, 2.0371561610730358] 
[9880.0, 0.04079387331450647, 0.015620880064835667, 2.01901539192612] 
[9900.0, 0.015620880064835667, 0.030398739792959466, 2.0246389545779713] 
[9920.0, 0.030398739792959466, 0.03938444973590361, 2.0243232974356955] 
[9940.0, 0.03938444973590361, 0.025656756322653188, 2.0140300178524244] 
[9960.0, 0.025656756322653188, 0.04796603960095092, 2.019048778236676] 
[9980.0, 0.04796603960095092, 0.2860306055669569, 2.0408150561775735] 
[10000.0, 0.2860306055669569, 0.6133519544421445, 2.0477388824214717] 
[10020.0, 0.16886508480440793, 0.20840234916622144, 2.046680526152755], 8.0
[10040.0, 0.20840234916622144, 0.05843088417951602, 2.024330878544468] 
[10060.0, 0.05843088417951602, 0.057973423988928574, 2.0201936459356196] 
[10080.0, 0.057973423988928574, 0.07104029271476939, 2.019094510036307] 
[10100.0, 0.07104029271476939, 0.10713077851392676, 2.0209642594469956] 
[10120.0, 0.10713077851392676, 0.10847218978613862, 2.017147652082679] 
[10140.0, 0.10847218978613862, 0.10313100831466719, 2.0124506444991113] 
[10160.0, 0.10313100831466719, 0.10898277222111771, 2.009272807825152] 
[10180.0, 0.10898277222111771, 0.23074709594272275, 2.0159560871450926] 
[10200.0, 0.23074709594272275, 0.26177021199135686, 2.0137874325120713] 
[10220.0, 0.26177021199135686, 0.23730098370213276, 2.008461206080419] 
[10240.0, 0.23730098370213276, 0.276631064938485, 2.006699026921781] 
[10260.0, 0.276631064938485, 0.5088375740233814, 2.0113569433493907] 
[10280.0, 0.224192185539551, 0.2404216306949118, 2.008424641014063], 18.0
[10300.0, 0.2404216306949118, 0.2241739106274411, 2.00354470662428] 
[10320.0, 0.2241739106274411, 0.6822101293069459, 2.0152199861555298] 
[10340.0, 0.20533948550631972, 0.31969453759643757, 2.017498893518565], 9.0
[10360.0, 0.14223521881025103, 0.24334726584656716, 2.021082272399592] 
[10380.0, 0.24334726584656716, 0.3584161090827252, 2.022569772027995] 
[10400.0, 0.12126954993319626, 0.3274813613322135, 2.0324609402930323] 
[10420.0, 0.05272985213330278, 0.1826637966812236, 2.045762347980136], 28.0
[10440.0, 0.1826637966812236, 0.28205691941521255, 2.047847052335586] 
[10460.0, 0.28205691941521255, 0.2317116571366234, 2.0412196611910334] 
[10480.0, 0.2317116571366234, 0.37925282238369695, 2.0441069260618168] 
[10500.0, 0.27770784933091125, 0.4141644319361575, 2.0457051576927285], 13.0
[10520.0, 0.08598024813292873, 0.11272083241796974, 2.0455296440072064], 15.0
[10540.0, 0.11272083241796974, 0.13295668274291464, 2.043908165762249] 
[10560.0, 0.13295668274291464, 0.35459147520914963, 2.053438657494033] 
[10580.0, 0.18868370355173786, 0.25681289035015464, 2.0537605862536306], 14.0
[10600.0, 0.25681289035015464, 0.30242508138876334, 2.052110662270611] 
[10620.0, 0.2451162393212663, 0.4026439581205709, 2.0549884069469306] 
[10640.0, 0.24378189721347268, 0.4869568468704396, 2.060507253279286], 13.0
[10660.0, 0.16825292422124552, 0.1948328893179998, 2.058626429701225], 11.0
[10680.0, 0.1948328893179998, 0.15608849884921014, 2.0517762585049044] 
[10700.0, 0.15608849884921014, 0.0225578099335906, 2.021860178344842] 
[10720.0, 0.0225578099335906, 0.09121174912805984, 2.0368902215226203] 
[10740.0, 0.09121174912805984, 0.12836121390435737, 2.0376866807097365] 
[10760.0, 0.12836121390435737, 0.11625953950106648, 2.03257146160957] 
[10780.0, 0.11625953950106648, 0.08597227918928295, 2.0247614436808257] 
[10800.0, 0.08597227918928295, 0.14168400929180383, 2.0276853436321676] 
[10820.0, 0.14168400929180383, 0.17918884558197312, 2.0270685859803828] 
[10840.0, 0.17918884558197312, 0.08947716495285273, 2.0140860850644176] 
[10860.0, 0.08947716495285273, 0.13983845871576248, 2.016308483966474] 
[10880.0, 0.13983845871576248, 0.8506261308289323, 2.036542880004554] 
[10900.0, 0.2662194124664841, 1.7042163983840197, 2.0573787724991406], 7.0
[10920.0, 0.13910819056044127, 0.2586449646078579, 2.061804504948743], 18.0
[10940.0, 0.2586449646078579, 0.8188001645340574, 2.0732320861768905] 
[10960.0, 0.8188001645340574, 1.2721861858721772, 2.0752492404788603] 
[10980.0, 0.9921247584588346, 0.7265312362520958, 2.067375410139451] 
[11000.0, 0.50051890028849, 1.0533251650715474, 2.0733752222722073] 
[11020.0, 0.21468874233410518, 0.23319869706540008, 2.0706949876177183], 22.0
[11040.0, 0.23319869706540008, 0.2612634199136957, 2.068428741407243] 
[11060.0, 0.2612634199136957, 0.22648727874651106, 2.0628251168839666] 
[11080.0, 0.22648727874651106, 0.25260297932130543, 2.060522559229659] 
[11100.0, 0.25260297932130543, 0.359747473323996, 2.061405517674359] 
[11120.0, 0.27825823884658046, 0.23623179746172968, 2.0555736621045257], 11.0
[11140.0, 0.23623179746172968, 0.24933587395719808, 2.0525823925253484] 
[11160.0, 0.24933587395719808, 0.3565555091511001, 2.0535279099706685] 
[11180.0, 0.3262616098669899, 0.2663329636244828, 2.0472353891973585] 
[11200.0, 0.2663329636244828, 0.3388800409436941, 2.0466826801897477] 
[11220.0, 0.24442435432460574, 0.27255327196164836, 2.044435030117944], 9.0
[11240.0, 0.27255327196164836, 0.18048789840041862, 2.035506888327936] 
[11260.0, 0.18048789840041862, 0.203075359810096, 2.0334021966257025] 
[11280.0, 0.203075359810096, 0.29070721308216707, 2.034385097587195] 
[11300.0, 0.29070721308216707, 0.24149414443625783, 2.028416463253315] 
[11320.0, 0.24149414443625783, 0.22038190966138832, 2.023666766278687] 
[11340.0, 0.22038190966138832, 0.28113672143816465, 2.0231952737836174] 
[11360.0, 0.28113672143816465, 0.46820099682187755, 2.0261109167738955] 
[11380.0, 0.1602165730815638, 0.1935371630333567, 2.024945407509975] 
[11400.0, 0.1935371630333567, 0.2594264551390237, 2.0251008979103484] 
[11420.0, 0.2594264551390237, 0.22860489708446696, 2.0199565066890566] 
[11440.0, 0.22860489708446696, 0.1720759524454243, 2.0128428518399764] 
[11460.0, 0.1720759524454243, 0.20390926579241084, 2.0114668768688078] 
[11480.0, 0.20390926579241084, 0.3369998819361812, 2.0142763487903825] 
[11500.0, 0.1308408297245162, 0.12086171657725105, 2.009777994481617] 
[11520.0, 0.12086171657725105, 0.16113163810375553, 2.0098902067877185] 
[11540.0, 0.16113163810375553, 0.16347138963439378, 2.006587090022408] 
[11560.0, 0.16347138963439378, 0.07149527850844387, 1.9927943936285772] 
[11580.0, 0.07149527850844387, 0.06338695648948595, 1.9878529355081362] 
[11600.0, 0.06338695648948595, 0.0956601190099611, 1.9895439786123674] 
[11620.0, 0.0956601190099611, 0.19957428725414506, 1.995249895753017] 
[11640.0, 0.19957428725414506, 0.313436463678047, 1.9974165382600488] 
[11660.0, 0.2413147389220147, 0.34351253984971303, 1.9983596207904164], 21.0
[11680.0, 0.18971568450447138, 0.3221186090277927, 2.001476753734331] 
[11700.0, 0.23401776642169747, 0.5277494614843296, 2.008083076713843] 
[11720.0, 0.19592316211464117, 0.26592460287833597, 2.0084168026521705] 
[11740.0, 0.26592460287833597, 0.42593603278426756, 2.0107842316366447] 
[11760.0, 0.10346521316848538, 0.1558909697352609, 2.0123933704437964], 9.0
[11780.0, 0.1558909697352609, 0.32668611148470944, 2.018037590210055] 
[11800.0, 0.1927805030961377, 0.4069294733157096, 2.023751252132532], 10.0
[11820.0, 0.27615407606262227, 0.4117841977492571, 2.0252035769648282], 11.0
[11840.0, 0.11872244841225214, 0.2361921957347448, 2.0301641160739097] 
[11860.0, 0.2361921957347448, 0.8894721410122972, 2.042870315910604] 
[11880.0, 0.20725007593967243, 1.0088139103823859, 2.0586501263094057], 7.0
[11900.0, 0.2168924063677653, 0.3888980675614121, 2.062269306957675], 6.0
[11920.0, 0.34594510860684247, 0.7173781571612006, 2.0676362265445527] 
[11940.0, 0.3418246292896416, 0.1818176764646386, 2.056545011055655] 
[11960.0, 0.1818176764646386, 0.19759025439024028, 2.0541094786396514] 
[11980.0, 0.19759025439024028, 0.19849319731668383, 2.0507351537430014] 
[12000.0, 0.19849319731668383, 0.3281800248369785, 2.0533622440287176] 
[12020.0, 0.2911869477947115, 0.5619866618354922, 2.0578374333113647], 27.0
[12040.0, 0.1436791473875035, 0.16879352133598052, 2.056349404661857] 
[12060.0, 0.16879352133598052, 0.2720608329363122, 2.0586495693601568] 
[12080.0, 0.2720608329363122, 0.4642706492273662, 2.0616239641380116] 
[12100.0, 0.2807885797339348, 0.4176391934876328, 2.062949981131821], 26.0
[12120.0, 0.25411010065323975, 0.27242105811041795, 2.060374028237196], 9.0
[12140.0, 0.27242105811041795, 0.17061913772200374, 2.0514190566070436] 
[12160.0, 0.17061913772200374, 0.5551784695762242, 2.062043138275329] 
[12180.0, 0.10447645563475057, 0.12066158721399238, 2.060363170936712], 13.0
[12200.0, 0.12066158721399238, 0.10689169612275722, 2.0555526027590676] 
[12220.0, 0.10689169612275722, 0.21305345781282214, 2.060331286589575] 
[12240.0, 0.21305345781282214, 1.0179145848316546, 2.0753987937660954] 
[12260.0, 0.2739510532832462, 0.9141058341160514, 2.0861929479198857], 7.0
[12280.0, 0.07865102392849024, 0.12201715699851426, 2.087954413546871], 2.0
[12300.0, 0.12201715699851426, 0.08679565626228108, 2.0805643309861] 
[12320.0, 0.08679565626228108, 0.08973772197353755, 2.077577146334546] 
[12340.0, 0.08973772197353755, 0.10097116216029109, 2.075588827175811] 
[12360.0, 0.10097116216029109, 0.08170806797373108, 2.069759453127178] 
[12380.0, 0.08170806797373108, 0.11637081345423365, 2.0705367304413844] 
[12400.0, 0.11637081345423365, 0.16195439404042142, 2.0710427868799255] 
[12420.0, 0.16195439404042142, 0.16378647137660612, 2.0678384392810485] 
[12440.0, 0.16378647137660612, 0.09254602391242989, 2.057893576171329] 
[12460.0, 0.09254602391242989, 0.3243549601563078, 2.069111488470331] 
[12480.0, 0.103549519757457, 0.20013969780380939, 2.0734132849009628] 
[12500.0, 0.20013969780380939, 0.2758646192174707, 2.0737994483015725] 
[12520.0, 0.2758646192174707, 0.44189076586188125, 2.0759158177664045] 
[12540.0, 0.15793217672786, 0.567788699984422, 2.08732623117273], 15.0
[12560.0, 0.29905056123338075, 1.6676604599794889, 2.1037426245303825], 7.0
[12580.0, 0.24257219782984168, 1.507530524554976, 2.1213495607567947], 23.0
[12600.0, 0.4499154438891819, 0.5747826849558009, 2.1207868051997543] 
[12620.0, 0.5747826849558009, 0.9886676216302422, 2.1236260415108275] 
[12640.0, 0.6002176539173101, 0.6383717591474429, 2.1209692841420726] 
[12660.0, 0.21160274810597302, 0.3623822905082419, 2.1237493807636727] 
[12680.0, 0.3623822905082419, 0.4816679256593691, 2.123637208276031] 
[12700.0, 0.4816679256593691, 0.6624782520407736, 2.123913639731021] 
[12720.0, 0.360007320982504, 0.3398658097220147, 2.1199211575145362] 
[12740.0, 0.2956450538280671, 0.40618743203723096, 2.1201903508356374], 21.0
[12760.0, 0.40618743203723096, 0.6827550338042192, 2.122738817716976] 
[12780.0, 0.3882872055038642, 0.3291873219931171, 2.1175528775063626] 
[12800.0, 0.10693803409451667, 0.06243366841696928, 2.108178740836058] 
[12820.0, 0.06243366841696928, 0.04314654885387766, 2.10073166737901] 
[12840.0, 0.04314654885387766, 0.06331975408985811, 2.1017695501779916] 
[12860.0, 0.06331975408985811, 0.07126255626203806, 2.0998265849582065] 
[12880.0, 0.07126255626203806, 0.04242398159060517, 2.0907564799518976] 
[12900.0, 0.04242398159060517, 0.07201047666138627, 2.0934322589683574] 
[12920.0, 0.07201047666138627, 0.08869878759036094, 2.092519109713201] 
[12940.0, 0.08869878759036094, 0.071807466185627, 2.0869295861391413] 
[12960.0, 0.071807466185627, 0.06013177174339696, 2.0817336578509376] 
[12980.0, 0.06013177174339696, 0.08931633526404828, 2.0829235643100947] 
[13000.0, 0.08931633526404828, 0.0909492281715463, 2.0799201229611084] 
[13020.0, 0.0909492281715463, 0.03433058878026996, 2.0659297172844053] 
[13040.0, 0.03433058878026996, 0.08984454657351325, 2.073404796988231] 
[13060.0, 0.08984454657351325, 0.12024818322536131, 2.0734494470312677] 
[13080.0, 0.12024818322536131, 0.10653999422751961, 2.0689440198240496] 
[13100.0, 0.10653999422751961, 0.01356141117288319, 2.0430844419881913] 
[13120.0, 0.01356141117288319, 0.03810656880381664, 2.0513307492449244] 
[13140.0, 0.03810656880381664, 0.08258035017484451, 2.0566997954825306] 
[13160.0, 0.08258035017484451, 0.11424959398177362, 2.0571327638556913] 
[13180.0, 0.11424959398177362, 0.06127857812482267, 2.0471922413686263] 
[13200.0, 0.06127857812482267, 0.06383227210431948, 2.044536671148252] 
[13220.0, 0.06383227210431948, 0.07518431326413687, 2.0432298507887574] 
[13240.0, 0.07518431326413687, 0.057256568566409746, 2.037175194873661] 
[13260.0, 0.057256568566409746, 0.0649424758382372, 2.0354729787073467] 
[13280.0, 0.0649424758382372, 0.09474627552046654, 2.0365107215531446] 
[13300.0, 0.09474627552046654, 0.09406870635870365, 2.0333704470274823] 
[13320.0, 0.09406870635870365, 0.038902527642814884, 2.020753892536087] 
[13340.0, 0.038902527642814884, 0.13560874078760574, 2.031228881985488] 
[13360.0, 0.13560874078760574, 0.1950361086824705, 2.032112454582074] 
[13380.0, 0.1950361086824705, 0.17762814187228412, 2.0280668374671804] 
[13400.0, 0.17762814187228412, 0.03252297517140769, 2.0067612972395463] 
[13420.0, 0.03252297517140769, 0.12789779018419337, 2.018490864550791] 
[13440.0, 0.12789779018419337, 0.23888947005048153, 2.0221936454474787] 
[13460.0, 0.23888947005048153, 0.3126092476975043, 2.022071642959387] 
[13480.0, 0.19284372191233098, 0.17599432828645328, 2.018093025959388], 27.0
[13500.0, 0.17599432828645328, 0.2433123690300179, 2.0185645972295596] 
[13520.0, 0.2433123690300179, 0.2582005502608397, 2.0162123005785517] 
[13540.0, 0.2582005502608397, 0.24666914537898754, 2.012747328141364] 
[13560.0, 0.24666914537898754, 0.6412275607185022, 2.019942827422963] 
[13580.0, 0.23679406589481874, 0.305770782817784, 2.0196838367557124], 1.0
[13600.0, 0.16819528829607439, 0.17517801398006486, 2.0171452166049098], 22.0
[13620.0, 0.17517801398006486, 0.24936816503715942, 2.017923678698797] 
[13640.0, 0.24936816503715942, 0.9039164532621365, 2.0285859030352826] 
[13660.0, 0.13116329079814928, 0.17817855068441843, 2.0288512214105845], 10.0
[13680.0, 0.17817855068441843, 0.15907819694728786, 2.024689249164971] 
[13700.0, 0.15907819694728786, 0.18527160682900126, 2.0233386494412304] 
[13720.0, 0.18527160682900126, 0.6463937846251305, 2.0335289103239815] 
[13740.0, 0.0660616243518126, 0.09141733200001026, 2.033979779967369], 9.0
[13760.0, 0.09141733200001026, 0.08405433458186483, 2.0301429961644217] 
[13780.0, 0.08405433458186483, 0.12939485463108633, 2.0317130798081684] 
[13800.0, 0.12939485463108633, 0.4142006058240386, 2.04093196964756] 
[13820.0, 0.2973186193883587, 0.41638634955171117, 2.0414943905266743], 10.0
[13840.0, 0.2481871708610265, 0.22826655809820276, 2.037672079068924], 29.0
[13860.0, 0.22826655809820276, 0.03836482796781445, 2.0161684878724335] 
[13880.0, 0.03836482796781445, 0.07088533848406112, 2.0196444913038993] 
[13900.0, 0.07088533848406112, 0.08706572575359457, 2.018872467866496] 
[13920.0, 0.08706572575359457, 0.08208493051102729, 2.015361246579281] 
[13940.0, 0.08208493051102729, 0.16444537228514522, 2.0196607219344007] 
[13960.0, 0.16444537228514522, 0.4601000638154715, 2.027400027828363] 
[13980.0, 0.20123162714891474, 0.31052929665975154, 2.0289765107398177], 17.0
[14000.0, 0.21711172213632215, 0.3931243189437662, 2.0321961728077347] 
[14020.0, 0.30743030224101214, 0.901682121628792, 2.0403696414870844] 
[14040.0, 0.29928729254179853, 0.9310891597612979, 2.0491254418563996], 4.0
[14060.0, 0.08506589935455922, 0.10710042721203225, 2.0485741355367133] 
[14080.0, 0.10710042721203225, 0.15165918488835448, 2.0492286370433916] 
[14100.0, 0.15165918488835448, 0.4319402143225377, 2.057031140862508] 
[14120.0, 0.07358169267555642, 0.10046593319628414, 2.057299422631685], 18.0
[14140.0, 0.10046593319628414, 0.12360015605977266, 2.056503908464092] 
[14160.0, 0.12360015605977266, 0.24714503708955993, 2.060659110367718] 
[14180.0, 0.24714503708955993, 0.8221628205380003, 2.0699816376904376] 
[14200.0, 0.18738420864363148, 0.7576541373304847, 2.0812601145543237], 17.0
[14220.0, 0.21955731349467733, 0.34400837441260057, 2.0828887648438816], 7.0
[14240.0, 0.23591248086101693, 0.23754487703589772, 2.080033221267243], 9.0
[14260.0, 0.23754487703589772, 0.3327652712844302, 2.0805261955881624] 
[14280.0, 0.2832148416061566, 0.2980237180594863, 2.078127211286943], 2.0
[14300.0, 0.2980237180594863, 0.2824871943734803, 2.074680588039034] 
[14320.0, 0.2824871943734803, 0.3989250355054194, 2.07526016959834] 
[14340.0, 0.16574418169275193, 0.23392191115199254, 2.0758321134111433] 
[14360.0, 0.23392191115199254, 0.3089308439699748, 2.075735250544046] 
[14380.0, 0.11318558148898705, 0.11511106639241908, 2.0730175127025503], 4.0
[14400.0, 0.11511106639241908, 0.028329413795558568, 2.0560921142006214] 
[14420.0, 0.028329413795558568, 0.03814751428337173, 2.0562174254432426] 
[14440.0, 0.03814751428337173, 0.056288741583020684, 2.0572563025674864] 
[14460.0, 0.056288741583020684, 0.0658284484246743, 2.055972855391381] 
[14480.0, 0.0658284484246743, 0.149379332904522, 2.061297460988989] 
[14500.0, 0.149379332904522, 0.7228414502849153, 2.0741418691615836] 
[14520.0, 0.14015274835692587, 0.24712226600005002, 2.076920082630383], 4.0
[14540.0, 0.24712226600005002, 0.2245589057196344, 2.0731132388694933] 
[14560.0, 0.2245589057196344, 0.03007563799822035, 2.0503450428560064] 
[14580.0, 0.03007563799822035, 0.05567658224065195, 2.0536262932150473] 
[14600.0, 0.05567658224065195, 0.07755020888430894, 2.0540874901730057] 
[14620.0, 0.07755020888430894, 0.07371483911669373, 2.05077700388073] 
[14640.0, 0.07371483911669373, 0.05648057080094023, 2.0453510762760336] 
[14660.0, 0.05648057080094023, 0.05803433282118527, 2.0428277594953292] 
[14680.0, 0.05803433282118527, 0.06069037822423028, 2.0404844053787747] 
[14700.0, 0.06069037822423028, 0.16015094430255478, 2.047231314950132] 
[14720.0, 0.16015094430255478, 0.4088812926681772, 2.0536362299621667] 
[14740.0, 0.12841758248386373, 0.18223073391993944, 2.0542752822353343], 19.0
[14760.0, 0.18223073391993944, 0.23278577224778957, 2.0538849132103136] 
[14780.0, 0.23278577224778957, 0.45920172472237075, 2.0577370660783325] 
[14800.0, 0.22532262327826733, 0.6992858530822706, 2.0659961385964922], 17.0
[14820.0, 0.22459588267597466, 0.2704745629648018, 2.0650174760648428], 17.0
[14840.0, 0.2704745629648018, 0.3220411155582471, 2.0639308754953962] 
[14860.0, 0.3220411155582471, 0.7636600038354762, 2.069535851262017] 
[14880.0, 0.22843748304295453, 0.3953305154538416, 2.072071824087716], 28.0
[14900.0, 0.20192513068461765, 0.2655168188062666, 2.0719414107425522], 10.0
[14920.0, 0.2655168188062666, 0.4419301849115989, 2.074090384887359] 
[14940.0, 0.07592486779705263, 0.11121525242069982, 2.0749999711262808] 
[14960.0, 0.11121525242069982, 0.21000193014827281, 2.0783559065284716] 
[14980.0, 0.21000193014827281, 0.27515892644252055, 2.0781836192303995] 
[15000.0, 0.27515892644252055, 0.12491720670107874, 2.0678174216212803] 
[15020.0, 0.12491720670107874, 0.05670849913372776, 2.0574785479881634] 
[15040.0, 0.05670849913372776, 0.10800237476092747, 2.0609222344649916] 
[15060.0, 0.10800237476092747, 0.1283546175601019, 2.059839151570966] 
[15080.0, 0.1283546175601019, 0.10479748123404495, 2.0551674076355697] 
[15100.0, 0.10479748123404495, 0.3506342240127168, 2.0639841579301565] 
[15120.0, 0.06298942972435943, 0.13748740256838043, 2.0687018890788385], 20.0
[15140.0, 0.13748740256838043, 0.20854388405800794, 2.069939083194299] 
[15160.0, 0.20854388405800794, 0.36311790301773883, 2.0724859119687333] 
[15180.0, 0.2432620498515952, 0.4014351474572202, 2.0745159415103167], 6.0
[15200.0, 0.1258179070641383, 0.13907363684393934, 2.0727370501140236], 23.0
[15220.0, 0.13907363684393934, 0.17596048570914918, 2.072243325500629] 
[15240.0, 0.17596048570914918, 0.4492731803546702, 2.078397477653262] 
[15260.0, 0.2538499778924552, 0.5516559897988963, 2.0830115881335103], 14.0
[15280.0, 0.19599558223082436, 0.2804375504261144, 2.0836677143412334], 24.0
[15300.0, 0.2804375504261144, 0.2832295691501857, 2.081037379761992] 
[15320.0, 0.2832295691501857, 0.4910786971453762, 2.083503273193299] 
[15340.0, 0.13841194381266395, 0.5330012991729005, 2.0934672233484837], 7.0
[15360.0, 0.14371413164334262, 0.1928514422709873, 2.0935036462616154], 11.0
[15380.0, 0.1928514422709873, 0.2021216530928838, 2.091221677599721] 
[15400.0, 0.2021216530928838, 0.3451898347489392, 2.09351987084795] 
[15420.0, 0.2663678820991755, 0.3044541795574511, 2.092054896837242], 6.0
[15440.0, 0.14050008052666674, 0.17138674865344752, 2.0912017467739497], 21.0
[15460.0, 0.17138674865344752, 0.312307913282709, 2.094096140103031] 
[15480.0, 0.12646635638777617, 0.27142239264659157, 2.0985080708725725] 
[15500.0, 0.27142239264659157, 0.382909245735854, 2.0990033039834453] 
[15520.0, 0.26934690862343375, 0.24839914728517068, 2.0955457914396685], 24.0
[15540.0, 0.24839914728517068, 0.5065985600019014, 2.099465183955161] 
[15560.0, 0.09919641288877348, 0.48391001608356876, 2.1114605946724896] 
[15580.0, 0.10264080441033191, 0.2198152551439511, 2.115802026068173], 13.0
[15600.0, 0.2198152551439511, 0.25878819216494403, 2.114598948341317] 
[15620.0, 0.25878819216494403, 0.22738688174342872, 2.110696627237234] 
[15640.0, 0.22738688174342872, 0.38932360743987715, 2.1129580177556195] 
[15660.0, 0.24646689559654889, 0.3481200543490706, 2.1134407728016464], 22.0
[15680.0, 0.03424120874034798, 0.040479031374280904, 2.112284860701355], 29.0
[15700.0, 0.040479031374280904, 0.13514728308404855, 2.120672305693637] 
[15720.0, 0.13514728308404855, 0.3588854628178755, 2.1269372962508197] 
[15740.0, 0.13946941962308376, 0.19879711995147195, 2.1274834243877287], 17.0
[15760.0, 0.19879711995147195, 0.21906669396555958, 2.1256723623209988] 
[15780.0, 0.21906669396555958, 0.3639619322525366, 2.1276196559280183] 
[15800.0, 0.14520903433671076, 0.18873704700985416, 2.127320431179853], 5.0
[15820.0, 0.18873704700985416, 0.19765351093517183, 2.1250519852881156] 
[15840.0, 0.19765351093517183, 0.21837683344393471, 2.1232769590039813] 
[15860.0, 0.21837683344393471, 0.8516540891306751, 2.1329793068709373] 
[15880.0, 0.07605089764756245, 0.35266145634163093, 2.144230256895794], 0.0
[15900.0, 0.11860465430159087, 0.19475088525087664, 2.1460329185896496], 3.0
[15920.0, 0.19475088525087664, 0.19274300406499897, 2.1432429815679908] 
[15940.0, 0.19274300406499897, 0.13101810122650998, 2.137060039619208] 
[15960.0, 0.13101810122650998, 0.15402229076013577, 2.1358442564447824] 
[15980.0, 0.15402229076013577, 0.1492223567063587, 2.132885280776084] 
[16000.0, 0.1492223567063587, 0.1021104640524172, 2.12679834304726] 
[16020.0, 0.1021104640524172, 0.2745142746488789, 2.1330492218504054] 
[16040.0, 0.2745142746488789, 0.3383001562429453, 2.132268753198499] 
[16060.0, 0.24526656479226908, 0.24411017990038866, 2.129570920899356], 28.0
[16080.0, 0.24411017990038866, 0.712471670175734, 2.1365322766572787] 
[16100.0, 0.26571749403266626, 0.7358432714885689, 2.1430055614273567], 8.0
[16120.0, 0.26293701856718577, 0.3617108957288964, 2.143201086693264], 14.0
[16140.0, 0.1772570927212787, 0.23497645987843127, 2.143064981737482], 14.0
[16160.0, 0.23497645987843127, 0.49508395149610746, 2.1470658725417677] 
[16180.0, 0.23187495566360744, 0.38853509927418367, 2.1490144804128413], 9.0
[16200.0, 0.23567726376127127, 0.2658725050207336, 2.147434968733877], 17.0
[16220.0, 0.2658725050207336, 0.33019766699357517, 2.1467143050062196] 
[16240.0, 0.2175512778289294, 0.38593014835330014, 2.149162835781237] 
[16260.0, 0.23480959003200855, 0.42928718691104806, 2.1518726710445155], 3.0
[16280.0, 0.20644201989178365, 0.29491700320090003, 2.152389856649121], 14.0
[16300.0, 0.29491700320090003, 0.2144243420579855, 2.146927781313995] 
[16320.0, 0.2144243420579855, 0.37402699327454936, 2.149215086105752] 
[16340.0, 0.1124239446781692, 0.45778097614798263, 2.1589817027018663], 3.0
