[20.0, 1.032032500336169, 8.654448386303306, 15.339767321945619] 
[40.0, 0.2001980739716667, 0.39329515017680183, 10.10534441477174], 24.0
[60.0, 0.30259930054661066, 54.662547289393416, 19.231896657159023] 
[80.0, 0.8338264354251521, 38.113442890746484, 21.316933761188615] 
[100.0, 0.5370193764269656, 10.001919331684777, 21.27270592953637] 
[120.0, 1.0477089810331779, 31.129894106957618, 21.80474721185675] 
[140.0, 2.235017529809401, 1.3032599650388432, 18.133953856086443] 
[160.0, 0.5934532943636655, 6.559424655326419, 18.033686424389025] 
[180.0, 0.37684414062148147, 1.5105526517085417, 17.142741602378944] 
[200.0, 0.3109900289156913, 9.148260696732986, 17.867746066472467] 
[220.0, 1.6730187802217735, 48.16469708444054, 18.446792127308747] 
[240.0, 0.5721169690229363, 2.764626230799839, 17.85651878547014] 
[260.0, 0.8233202913679328, 37.93299647450124, 18.608269550864428] 
[280.0, 0.6041308175467034, 7.584182297740166, 18.582700566754923] 
[300.0, 0.1250639666576516, 7.825824718206406, 19.33302209933925] 
[320.0, 0.5544884770649238, 0.7583371291113588, 18.26585880593985] 
[340.0, 0.4408344935868866, 21.52682360787889, 18.841324327471767] 
[360.0, 0.1977403424272252, 0.6293865872121792, 18.258567197661858], 13.0
[380.0, 0.47481328004654044, 50.94022810155974, 19.072669272331698] 
[400.0, 0.18184558731203873, 7.230184055376786, 19.447347446449683] 
[420.0, 0.5703074373878518, 43.07660203976253, 20.006764423931685] 
[440.0, 0.7813794606301518, 41.105626484052685, 20.396722572414873] 
[460.0, 0.8307864995604171, 2.089130716708081, 19.79911574037596] 
[480.0, 0.5778018011350405, 40.48302425970061, 20.251360617523126] 
[500.0, 0.4365357415912252, 9.638261113950563, 20.334226433026025] 
[520.0, 0.7931626156119037, 28.908337404429822, 20.549780252443462] 
[540.0, 0.2570982459197423, 7.165999831563815, 20.677709935179173] 
[560.0, 0.8782017017110688, 47.78657059930516, 20.96884691894628] 
[580.0, 0.3563330004941781, 3.2813687192355427, 20.798024561440016] 
[600.0, 0.5881249477512489, 42.170270515116336, 21.13208370545736] 
[620.0, 0.5493262353488004, 44.11911572853291, 21.470983726239524] 
[640.0, 0.292160010678393, 9.49896084705436, 21.58484971417407] 
[660.0, 0.9379730296880234, 37.57453633652509, 21.737439882089173] 
[680.0, 0.15540324153861917, 2.1526094708952104, 21.65575019519238] 
[700.0, 0.35829516037573655, 20.12026608938053, 21.867208335034867] 
[720.0, 1.0684760476647581, 18.613412149709085, 21.832385336506768] 
[740.0, 1.4256018202197696, 37.26915311737114, 21.878582901377218] 
[760.0, 1.07403026278711, 45.16907864425012, 22.01259768508763] 
[780.0, 0.7844229861572615, 13.500313982466398, 21.97448201867198] 
[800.0, 0.6440003512206411, 3.97245977404293, 21.753232371999726] 
[820.0, 0.4262215072144146, 4.524497975515577, 21.63828553674548] 
[840.0, 0.08228196368588674, 7.886636153985383, 21.90674183959818] 
[860.0, 1.0598206065088638, 26.75588773099487, 21.938906495422106] 
[880.0, 1.0870645908962333, 44.42018657563233, 22.04855701631011] 
[900.0, 0.8916988840265222, 14.82276699448943, 22.009157345011797] 
[920.0, 0.4674431324907588, 42.79925153359694, 22.239029021707186] 
[940.0, 0.567724070464134, 0.6339157160002473, 21.78278384306454] 
[960.0, 0.18706487942256797, 17.530530539640893, 22.01128700501185], 26.0
[980.0, 1.4590959343266692, 8.537387876022018, 21.822150533872925] 
[1000.0, 0.46626843077700597, 2.375919509495942, 21.620632853501956] 
[1020.0, 0.09128839274024367, 2.158576055865798, 21.644101295752037] 
[1040.0, 1.3982308545006659, 15.010067351059766, 21.557123960179116] 
[1060.0, 0.12855296833793056, 3.466454701663953, 21.59878445904295] 
[1080.0, 0.6116749865823574, 21.366524235402707, 21.67347763092074] 
[1100.0, 0.6878142545602557, 49.029917940364456, 21.83900526686781] 
[1120.0, 0.6132595627967126, 12.02375282443399, 21.832348531843703] 
[1140.0, 0.29821288526942724, 7.099280031456122, 21.850487875289677], 29.0
[1160.0, 0.2522246697446302, 1.8750272419649539, 21.723249313712575], 17.0
[1180.0, 0.28710383409467216, 21.594494703911895, 21.88327450769051] 
[1200.0, 1.2241212833360398, 1.1613830735032111, 21.5122280499437] 
[1220.0, 0.453007499157698, 30.303750844498826, 21.65660280575817] 
[1240.0, 0.8610658802046572, 37.87101361805271, 21.74753071233687] 
[1260.0, 0.16373660811775348, 3.693497593228265, 21.75912060720513] 
[1280.0, 0.8003474280284133, 37.49143123887624, 21.852711745109087] 
[1300.0, 0.8727920456803162, 13.957804298017209, 21.824153890978934] 
[1320.0, 1.3455846133861609, 18.262529747674126, 21.778528953552907] 
[1340.0, 0.9196390974499115, 25.480615931809986, 21.811102293012365] 
[1360.0, 0.1959769458933567, 4.384010771928542, 21.82001957456933] 
[1380.0, 0.4439875722664995, 44.738492930914006, 21.98602317158195] 
[1400.0, 1.077679160563502, 47.28550364393959, 22.061608435240146] 
[1420.0, 0.38969551840016325, 13.915921981978961, 22.114138270330383] 
[1440.0, 0.3841498227797602, 18.28659540340903, 22.194009516641092] 
[1460.0, 1.3075186230578362, 22.41619075958759, 22.170779094359236] 
[1480.0, 0.16481485906573073, 4.745155958271763, 22.198710274407546] 
[1500.0, 1.0236947673762544, 26.494756075153866, 22.215650759121377] 
[1520.0, 0.5698998641985252, 9.584098654797392, 22.19122524944244] 
[1540.0, 0.12270973686646171, 0.828792485780977, 22.08197305096402] 
[1560.0, 0.37487868172480154, 24.26139650904092, 22.184517947713875] 
[1580.0, 0.4335936060712797, 40.38616001480242, 22.31771225762128] 
[1600.0, 1.4649539841329604, 14.425708512178568, 22.244973037160065] 
[1620.0, 0.3477629017458177, 32.19726786164781, 22.37359623565118] 
[1640.0, 0.3606350726436331, 3.672671134811031, 22.304907141498408] 
[1660.0, 1.29592868986912, 9.506335011951492, 22.209360242815325] 
[1680.0, 0.6394097895926771, 32.29386152831595, 22.28177115173309] 
[1700.0, 1.5065907677962447, 5.354683001853951, 22.127251113236206] 
[1720.0, 0.5286994243932579, 33.523104549336345, 22.218013553539787] 
[1740.0, 0.7369158141964062, 37.83879401348006, 22.289198597973492] 
[1760.0, 0.27283464504647875, 37.16516285645428, 22.438740674563157], 25.0
[1780.0, 0.7179405352895727, 20.070780371374926, 22.45656878753151] 
[1800.0, 0.4091045288107394, 16.225398681161508, 22.502031390418686] 
[1820.0, 1.896940557567315, 30.01005460323526, 22.473640911818883] 
[1840.0, 0.5377615904045784, 25.17620040395947, 22.530935578159703] 
[1860.0, 2.8421074045933374, 5.490657404264086, 22.339743680532656] 
[1880.0, 0.27829493729694116, 47.77939873702005, 22.49696078100557] 
[1900.0, 0.36819510743690287, 19.401807078904433, 22.561181023538296] 
[1920.0, 0.5912470695744176, 21.00165398145013, 22.594429034405294] 
[1940.0, 0.861852537323058, 13.651800986444542, 22.566935252211707] 
[1960.0, 1.3677845204002805, 44.043689867087195, 22.59222277346199] 
[1980.0, 1.0324519602230893, 42.569837895385874, 22.635012696779356] 
[2000.0, 0.45948482925770806, 13.841759292160766, 22.6543058839298] 
[2020.0, 0.3822668507455413, 10.48517379472425, 22.666522007153542] 
[2040.0, 0.6555540249673425, 9.048273286256615, 22.629931395283137] 
[2060.0, 0.4921680602101981, 49.58881673767597, 22.73326798150169] 
[2080.0, 0.6104089503269639, 2.5323852554498614, 22.613363908569653] 
[2100.0, 0.3977863810933451, 0.6430103293519821, 22.430991301317494] 
[2120.0, 0.366039322459204, 12.434767965990908, 22.459295021856878] 
[2140.0, 0.7647472726272375, 16.73962356657483, 22.457439003835706] 
[2160.0, 0.5455592417905563, 35.13486006058492, 22.527695285105057] 
[2180.0, 0.9531320777206311, 32.655642062435994, 22.554895893426224] 
[2200.0, 0.6394511547870788, 5.127576579657981, 22.48636825197753] 
[2220.0, 0.9754418698814585, 46.481402962003976, 22.53488988504536] 
[2240.0, 0.20909473403779172, 13.420462021386978, 22.60172719859787] 
[2260.0, 0.3858920504683854, 48.486262574002275, 22.71026213124983] 
[2280.0, 0.6038090060507249, 48.00720406113939, 22.787935920901113] 
[2300.0, 0.2865251464220777, 31.265194756939284, 22.884116996959023] 
[2320.0, 1.1293189465144984, 17.409901224741784, 22.856942846887087] 
[2340.0, 1.077679160563502, 47.28550364393959, 22.894721041594508] 
[2360.0, 0.663494638072844, 9.18185580418106, 22.861317857499667] 
[2380.0, 0.2511322269862041, 45.15078275088638, 22.98391854827375], 26.0
[2400.0, 0.47168369025357, 10.174794366459253, 22.97701239832708] 
[2420.0, 0.3608755912957774, 15.391880413420864, 23.010860399942384] 
[2440.0, 0.22560732260863112, 4.443498038021003, 22.998468513530696] 
[2460.0, 0.33038332596117986, 1.4834172591749228, 22.899566805166177] 
[2480.0, 0.37694942211034554, 56.8261045133639, 23.006668647469976] 
[2500.0, 0.1973034976483715, 1.814044469114109, 22.950644153722784] 
[2520.0, 0.6733711525149535, 0.915283228314407, 22.78606826075726] 
[2540.0, 0.915283228314407, 37.45575016705178, 22.81747028868809] 
[2560.0, 1.0901634896222487, 2.6245436620031706, 22.688721383666277] 
[2580.0, 0.21476863012235298, 2.8742418265027934, 22.657891227999595], 12.0
[2600.0, 0.27410696741269336, 5.2482219607181575, 22.647408135149206] 
[2620.0, 0.20280640735239477, 34.33227087034193, 22.757096555603855] 
[2640.0, 1.0119521185137514, 28.01707796958432, 22.766175125789786] 
[2660.0, 2.1411329050882633, 2.5807120437725772, 22.6051285016995] 
[2680.0, 0.5287142483794531, 12.707609837992445, 22.607592493624512] 
[2700.0, 0.5016020581385674, 3.9650584911127837, 22.55060021498184] 
[2720.0, 1.2734244585451029, 31.39228177166231, 22.55477317706599] 
[2740.0, 0.9680960144416615, 32.262705938214516, 22.574759266867122] 
[2760.0, 0.3104869691381925, 34.39249125614759, 22.65723989143557] 
[2780.0, 0.3481834176607634, 2.0389549079022022, 22.585961563767658] 
[2800.0, 0.18706487942256797, 17.530530539640893, 22.65856852128743], 17.0
[2820.0, 0.5880529458429349, 1.0817744594221939, 22.52905320485439] 
[2840.0, 0.6088409752906979, 2.8918037828682697, 22.449546925360544] 
[2860.0, 0.23710529042673728, 12.343197329395197, 22.491929271646956] 
[2880.0, 0.7595759371647077, 43.493225520054565, 22.53849409240775] 
[2900.0, 0.6470539094407458, 11.383899430936829, 22.525710170938986] 
[2920.0, 0.5768328159968036, 8.897778127584203, 22.50660325118753] 
[2940.0, 1.289977601483787, 26.417524858391324, 22.50166300395131] 
[2960.0, 0.7321782942709966, 0.4538915880939871, 22.326319089947745] 
[2980.0, 0.4127326433291465, 4.02468405843043, 22.286732924342026] 
[3000.0, 0.8602225453471339, 23.40120103651854, 22.297012332278253] 
[3020.0, 0.675734730559534, 1.1666580027777478, 22.17543783986629] 
[3040.0, 0.19706249372732465, 8.058816994273876, 22.205660056304236], 1.0
[3060.0, 0.7557420931900661, 40.81865165147755, 22.24860315191258] 
[3080.0, 0.43958482376054836, 26.694587641179197, 22.296477867605734] 
[3100.0, 0.4003086596733943, 39.03798749775834, 22.365778721525682] 
[3120.0, 0.21561814066685933, 8.050321625510763, 22.389796035995104] 
[3140.0, 0.5655644187032618, 0.444067464933383, 22.236074007604753] 
[3160.0, 0.444067464933383, 35.070810208785744, 22.294812402347564] 
[3180.0, 0.42829592819113566, 3.2761009459050303, 22.246898486120788] 
[3200.0, 0.660827916843791, 45.924394447369856, 22.29906919098871] 
[3220.0, 0.2792199789916753, 21.373404492048756, 22.354921889911726] 
[3240.0, 0.2042471869152995, 9.640240404019847, 22.388554502033415] 
[3260.0, 0.6594421214926572, 1.7903845749739462, 22.29540237519803] 
[3280.0, 1.2054024691679812, 41.16017223713979, 22.314749378673138] 
[3300.0, 0.9398991447066206, 16.415165283830184, 22.304550276639144] 
[3320.0, 0.9390388709131464, 21.91747496778425, 22.307075663872293] 
[3340.0, 1.2999179955016151, 16.0805032951876, 22.28214766713159] 
[3360.0, 0.3027148864532472, 12.069742320233802, 22.30776855727318] 
[3380.0, 1.194723024420932, 1.7428010996650227, 22.19188625028469] 
[3400.0, 0.2943913292700873, 1.270750060318003, 22.123400837457663] 
[3420.0, 0.4543530875544898, 8.297718359269796, 22.116563081166422] 
[3440.0, 1.1266830478534084, 35.020353445735196, 22.13210748236686] 
[3460.0, 0.1880337771347122, 28.25700881805177, 22.213178338072474] 
[3480.0, 1.0017625028462316, 20.226294624194004, 22.21010316449511] 
[3500.0, 0.9163148514624584, 31.477378379603397, 22.22896909432847] 
[3520.0, 0.6412122443073429, 38.85191511073075, 22.27087949519819] 
[3540.0, 1.6023610520507454, 39.24633067540719, 22.27540239667034] 
[3560.0, 0.5455592417905563, 35.13486006058492, 22.31905248085155] 
[3580.0, 0.14198120225151217, 2.590064474557834, 22.311382248305804] 
[3600.0, 0.2431055337011601, 4.2038396330189824, 22.3016538190521] 
[3620.0, 0.6430897508181712, 5.174485609350678, 22.261543119799125] 
[3640.0, 0.24960271488374486, 4.23690215105497, 22.25146058286339] 
[3660.0, 1.1466561339312633, 2.35428806182291, 22.158224679177682] 
[3680.0, 1.105355653433511, 2.187860963764554, 22.06456613257927] 
[3700.0, 0.18188944614686894, 0.5329811876255741, 21.987217742038634] 
[3720.0, 0.30758405841521474, 0.7098291006783713, 21.901439447423346] 
[3740.0, 0.12640536429027427, 2.043545562980153, 21.891670916053094] 
[3760.0, 0.6921892601232194, 23.9845425395561, 21.91125762808904] 
[3780.0, 0.4210819095043086, 12.619300991413859, 21.925097198645542] 
[3800.0, 0.6915988386044255, 0.5956948729287469, 21.80403453169903] 
[3820.0, 0.5379103190070066, 1.729866432312376, 21.733993070211085] 
[3840.0, 0.778965299374895, 40.2885427833303, 21.769041719656958] 
[3860.0, 0.456049865132386, 1.6285261619982043, 21.70382138463657] 
[3880.0, 0.10740513383544546, 2.2867172715370563, 21.705661046148613], 21.0
[3900.0, 0.9336374636100387, 25.75635672958956, 21.717065919605183] 
[3920.0, 1.0876379419752107, 43.3918368784846, 21.741931740668484] 
[3940.0, 0.9166736534779191, 11.11148711377357, 21.722924470274005] 
[3960.0, 0.9737501277638472, 3.6574744919087308, 21.661425464997937] 
[3980.0, 0.6143513704313965, 1.6879761407457825, 21.589211231107292] 
[4000.0, 1.025749680067408, 46.107489069055035, 21.61852143725042] 
[4020.0, 0.53965765405303, 13.623489798371525, 21.626834962827903] 
[4040.0, 0.9017421296142654, 33.462370035255965, 21.648822930687693] 
[4060.0, 0.20035694579949506, 0.2286181302802565, 21.54686733237205] 
[4080.0, 0.2286181302802565, 31.17635585247122, 21.615053489429467] 
[4100.0, 0.9905276893497418, 41.40784821595296, 21.640969402137777] 
[4120.0, 0.7152181661906385, 46.25549942703827, 21.681913669853966] 
[4140.0, 1.5414856509636006, 36.324942163525876, 21.687280442840688] 
[4160.0, 1.017063643133828, 25.725032593941535, 21.695050513805985] 
[4180.0, 0.9517488313730755, 1.9623516684597058, 21.61622086561267] 
[4200.0, 0.41259644325114175, 15.59205702520564, 21.638046863329638] 
[4220.0, 0.5137692931327369, 46.20310699286322, 21.689305536836283] 
[4240.0, 0.4388354841603909, 11.14038581426295, 21.697044076763028] 
[4260.0, 1.1224490604792383, 9.829153892578185, 21.668663993287925] 
[4280.0, 0.7492434295563491, 5.257837615719736, 21.63308526326864] 
[4300.0, 1.8705029383756433, 46.17495365993358, 21.640038642881805] 
[4320.0, 0.772008662657883, 18.145802351495576, 21.645290200173196] 
[4340.0, 0.6200201227663998, 3.4533060757408673, 21.602629675419003] 
[4360.0, 0.45768750770515965, 11.928661127940332, 21.61142324110269] 
[4380.0, 0.6683638511824754, 36.09943921821383, 21.644138178566585] 
[4400.0, 2.2347054965697404, 13.40685834524784, 21.60450151833816] 
[4420.0, 1.0019075944813287, 10.030695853880319, 21.581938170564708] 
[4440.0, 0.3052007814943166, 14.186439406606628, 21.60946570295982] 
[4460.0, 1.693574530676958, 2.5201502868599253, 21.52541963011846] 
[4480.0, 0.19706249372732465, 8.058816994273876, 21.54882942970915] 
[4500.0, 0.733771650791047, 3.087927617169937, 21.499128762533065] 
[4520.0, 0.5118598733212704, 44.857197261088736, 21.546775244980964] 
[4540.0, 0.9252443564215799, 3.818318705408271, 21.496900270113365] 
[4560.0, 0.3226395471663057, 48.24209958212048, 21.56104161982872] 
[4580.0, 0.10321158940038637, 4.108833721852469, 21.582937771402705] 
[4600.0, 0.9587029936688807, 26.944290738518536, 21.593723952032455] 
[4620.0, 0.1520829070538888, 5.583808324128855, 21.612762365646866] 
[4640.0, 0.42737309957771213, 30.0049236054062, 21.65179268614134] 
[4660.0, 0.31162471575883954, 11.314767288758217, 21.67007369265843] 
[4680.0, 0.11729253185093011, 1.2490693293258364, 21.650386849789818], 22.0
[4700.0, 0.7655970497557181, 1.4372455454941861, 21.57759050966031] 
[4720.0, 1.317855102087152, 30.598978477503724, 21.582287580177848] 
[4740.0, 0.7247936269387716, 3.8710081106402567, 21.54221605358162] 
[4760.0, 0.9013368810133604, 24.203388499022136, 21.551429406421914] 
[4780.0, 1.710480704117414, 19.198356236877807, 21.534237422679254] 
[4800.0, 0.09637645452468457, 11.02531182829318, 21.586968162921707] 
[4820.0, 0.4182596232779558, 13.897719106305441, 21.60225679259839] 
[4840.0, 0.330443897392597, 1.4079426703138649, 21.556196048266404] 
[4860.0, 0.4557422581135554, 50.64340424103391, 21.607323069193587] 
[4880.0, 0.2278801007207711, 7.1996413635834635, 21.620849986720437] 
[4900.0, 0.24843605374245678, 7.405445564763368, 21.63255345777807] 
[4920.0, 0.38450337809366597, 17.632405663931294, 21.656792859122078] 
[4940.0, 0.3006373236592293, 0.47693418345409416, 21.582590581563714] 
[4960.0, 0.47693418345409416, 6.018239590633329, 21.569303511644087] 
